8.300297707319259644e-02
8.527603745460510254e-02
9.218155592679977417e-02
6.679447740316390991e-02
6.642628461122512817e-02
1.189884617924690247e-01
1.071141809225082397e-01
1.257790327072143555e-01
7.765036076307296753e-02
1.138785332441329956e-01
4.769026115536689758e-02
9.126197546720504761e-02
1.362675428390502930e-01
4.439079761505126953e-02
1.307768970727920532e-01
1.198991015553474426e-01
5.477314442396163940e-02
5.051876977086067200e-02
6.617818772792816162e-02
8.766803145408630371e-02
7.007810473442077637e-02
1.408592462539672852e-01
4.135198518633842468e-02
1.280653029680252075e-01
9.407167136669158936e-02
9.696274250745773315e-02
8.816590905189514160e-02
5.681260675191879272e-02
6.397653371095657349e-02
7.988722622394561768e-02
4.736156761646270752e-02
7.860574871301651001e-02
1.408056467771530151e-01
4.735426232218742371e-02
3.022414445877075195e-02
8.912314474582672119e-02
4.039047658443450928e-02
6.216869875788688660e-02
7.207691669464111328e-02
4.211185872554779053e-02
5.625431612133979797e-02
8.500148355960845947e-02
5.053965002298355103e-02
7.334212958812713623e-02
8.494488894939422607e-02
5.746864527463912964e-02
1.169705688953399658e-01
1.010054871439933777e-01
1.097549349069595337e-01
9.729207307100296021e-02
7.359588146209716797e-02
1.627617031335830688e-01
6.549813598394393921e-02
1.365582495927810669e-01
9.642507880926132202e-02
7.208616286516189575e-02
7.445957511663436890e-02
6.013600155711174011e-02
1.085318773984909058e-01
6.721919775009155273e-02
7.325601577758789062e-02
8.936457335948944092e-02
8.589623123407363892e-02
1.295215636491775513e-01
3.719566389918327332e-02
4.081331193447113037e-02
8.653851598501205444e-02
1.005453243851661682e-01
1.093169897794723511e-01
4.378869384527206421e-02
7.941579818725585938e-02
1.075223833322525024e-01
4.983076080679893494e-02
1.167851835489273071e-01
4.604960232973098755e-02
1.127212122082710266e-01
1.233342066407203674e-01
6.887149810791015625e-02
7.546318322420120239e-02
9.604327380657196045e-02
7.804892957210540771e-02
8.927046507596969604e-02
1.201884597539901733e-01
1.237160786986351013e-01
1.230998635292053223e-01
8.001042902469635010e-02
8.824921399354934692e-02
6.115708500146865845e-02
4.277276992797851562e-02
6.866889446973800659e-02
1.023129820823669434e-01
1.352640539407730103e-01
7.239910215139389038e-02
7.541833817958831787e-02
5.848669633269309998e-02
7.879599183797836304e-02
8.230967074632644653e-02
1.084940284490585327e-01
5.289546400308609009e-02
1.021519303321838379e-01
7.437935471534729004e-02
7.362809032201766968e-02
3.418732061982154846e-02
3.667531907558441162e-02
6.891544908285140991e-02
1.419271081686019897e-01
6.520187854766845703e-02
1.034277528524398804e-01
5.848979577422142029e-02
1.190332844853401184e-01
8.330331742763519287e-02
1.322205513715744019e-01
9.373337775468826294e-02
8.290326595306396484e-02
2.281796187162399292e-02
4.832296445965766907e-02
6.479702144861221313e-02
1.005219444632530212e-01
1.005470380187034607e-01
9.741424024105072021e-02
5.471723526716232300e-02
7.608259469270706177e-02
2.397409453988075256e-02
6.676943600177764893e-02
6.572097539901733398e-02
9.582185745239257812e-02
1.564783602952957153e-01
3.623425215482711792e-02
8.801477402448654175e-02
1.553732454776763916e-01
1.604348570108413696e-01
6.436620652675628662e-02
1.093366444110870361e-01
1.109527349472045898e-01
1.011290177702903748e-01
6.311325728893280029e-02
6.108663603663444519e-02
6.038682907819747925e-02
5.064520612359046936e-02
8.102768659591674805e-02
2.857048436999320984e-02
1.107620298862457275e-01
3.037852607667446136e-02
8.882675319910049438e-02
5.104729905724525452e-02
4.819430410861968994e-02
9.352312982082366943e-02
6.913537532091140747e-02
4.865048825740814209e-02
7.938442379236221313e-02
1.029039919376373291e-01
6.230924278497695923e-02
4.538906738162040710e-02
8.201432973146438599e-02
5.828508362174034119e-02
7.129132747650146484e-02
3.079634159803390503e-02
4.320369660854339600e-02
8.202750235795974731e-02
6.437987834215164185e-02
7.263177633285522461e-02
1.096423938870429993e-01
3.289319947361946106e-02
9.060455113649368286e-02
1.395418047904968262e-01
1.258184164762496948e-01
3.297167643904685974e-02
7.650940865278244019e-02
1.036755144596099854e-01
6.960924714803695679e-02
1.265950947999954224e-01
9.838909655809402466e-02
6.481259316205978394e-02
1.034443825483322144e-01
6.957909464836120605e-02
6.687011569738388062e-02
9.424085915088653564e-02
1.424814164638519287e-01
1.114587113261222839e-01
4.576690867543220520e-02
1.117110177874565125e-01
1.149732470512390137e-01
5.212987214326858521e-02
1.104464530944824219e-01
7.129326462745666504e-02
1.777196079492568970e-01
1.017319038510322571e-01
1.194279119372367859e-01
6.830830872058868408e-02
4.612418636679649353e-02
1.093811988830566406e-01
7.796505838632583618e-02
6.436083465814590454e-02
1.252508312463760376e-01
4.077484458684921265e-02
7.441927492618560791e-02
4.520166292786598206e-02
6.659655272960662842e-02
5.636904761195182800e-02
5.404432862997055054e-02
1.113327592611312866e-01
9.743743389844894409e-02
8.456463366746902466e-02
9.529639035463333130e-02
6.536950170993804932e-02
4.186840727925300598e-02
7.478939741849899292e-02
8.312989771366119385e-02
9.348986297845840454e-02
8.611183613538742065e-02
1.532637476921081543e-01
8.416759222745895386e-02
7.334675639867782593e-02
4.941755160689353943e-02
9.796045720577239990e-02
1.481552571058273315e-01
1.307523250579833984e-01
4.172581434249877930e-02
6.431745737791061401e-02
1.185474097728729248e-01
4.965062811970710754e-02
1.290956884622573853e-01
9.847373515367507935e-02
1.160298511385917664e-01
7.566734403371810913e-02
1.797116845846176147e-01
1.027038842439651489e-01
9.359943121671676636e-02
8.733545243740081787e-02
6.574563682079315186e-02
8.703321963548660278e-02
3.714899718761444092e-02
8.220046013593673706e-02
7.767044007778167725e-02
5.517248436808586121e-02
8.743073791265487671e-02
8.295731991529464722e-02
1.165602803230285645e-01
8.478465676307678223e-02
8.367228507995605469e-02
7.293633371591567993e-02
1.174639984965324402e-01
8.451285213232040405e-02
7.980564236640930176e-02
7.511658966541290283e-02
5.565109848976135254e-02
7.297406345605850220e-02
5.654552951455116272e-02
9.021416306495666504e-02
1.526682823896408081e-01
1.336681246757507324e-01
5.569893494248390198e-02
5.093473941087722778e-02
1.287440806627273560e-01
9.141032397747039795e-02
1.086352765560150146e-01
7.457474619150161743e-02
3.970873728394508362e-02
8.377421647310256958e-02
7.214622944593429565e-02
1.349488049745559692e-01
7.119839638471603394e-02
6.804439425468444824e-02
6.759507954120635986e-02
9.808978438377380371e-02
7.632376998662948608e-02
4.669060185551643372e-02
8.440263569355010986e-02
1.093849539756774902e-01
1.189625039696693420e-01
6.587347388267517090e-02
8.594653755426406860e-02
3.008311428129673004e-02
6.696248054504394531e-02
8.409992605447769165e-02
4.762136936187744141e-02
1.184247210621833801e-01
6.243500858545303345e-02
2.420636825263500214e-02
4.488521441817283630e-02
1.189144104719161987e-01
5.262935161590576172e-02
1.402115523815155029e-01
8.347138017416000366e-02
7.739833742380142212e-02
9.072795510292053223e-02
5.904084816575050354e-02
1.328383684158325195e-01
9.563542902469635010e-02
5.108356475830078125e-02
1.733088493347167969e-01
7.565136253833770752e-02
7.869958877563476562e-02
1.478963494300842285e-01
1.237346529960632324e-01
1.049468517303466797e-01
7.875404506921768188e-02
9.687686711549758911e-02
1.126095727086067200e-01
7.028447091579437256e-02
1.057268232107162476e-01
8.682924509048461914e-02
8.818012475967407227e-02
8.058993518352508545e-02
9.030164033174514771e-02
8.965903520584106445e-02
4.595671221613883972e-02
7.039951533079147339e-02
5.903083831071853638e-02
9.341718256473541260e-02
6.828754395246505737e-02
6.703718751668930054e-02
4.297986999154090881e-02
4.379715025424957275e-02
1.056811213493347168e-01
1.248555630445480347e-01
1.163486838340759277e-01
1.078146770596504211e-01
6.378013640642166138e-02
1.044262573122978210e-01
8.276209235191345215e-02
1.313035637140274048e-01
8.456153422594070435e-02
3.955164924263954163e-02
3.709201887249946594e-02
6.006329134106636047e-02
6.983253359794616699e-02
7.868834584951400757e-02
8.150272816419601440e-02
6.913591921329498291e-02
9.260866791009902954e-02
1.197137981653213501e-01
6.282829493284225464e-02
7.474855333566665649e-02
1.238888874650001526e-01
3.683882579207420349e-02
7.515230029821395874e-02
6.197373196482658386e-02
1.852120459079742432e-01
1.127709224820137024e-01
3.603250533342361450e-02
5.128231644630432129e-02
1.090056523680686951e-01
7.987600564956665039e-02
6.383445858955383301e-02
9.082196652889251709e-02
6.901174783706665039e-02
8.351115137338638306e-02
5.465891584753990173e-02
7.899245619773864746e-02
8.492560684680938721e-02
5.143626406788825989e-02
4.838080331683158875e-02
7.914269715547561646e-02
7.680780440568923950e-02
5.097068101167678833e-02
5.490354821085929871e-02
7.323913276195526123e-02
7.438201457262039185e-02
8.701617270708084106e-02
7.142420858144760132e-02
7.226993143558502197e-02
8.435127884149551392e-02
5.536771938204765320e-02
8.727272599935531616e-02
4.512512683868408203e-02
7.161694020032882690e-02
5.165252462029457092e-02
7.545178383588790894e-02
8.665493875741958618e-02
1.233946681022644043e-01
5.610632896423339844e-02
6.812240928411483765e-02
1.418927311897277832e-01
7.106800377368927002e-02
7.596149295568466187e-02
6.871589273214340210e-02
6.326848268508911133e-02
8.658748120069503784e-02
7.252278923988342285e-02
8.256593346595764160e-02
7.085078209638595581e-02
5.328280851244926453e-02
1.122277975082397461e-01
8.297803997993469238e-02
7.275224477052688599e-02
4.194429889321327209e-02
1.403166651725769043e-01
1.022830307483673096e-01
6.382431089878082275e-02
1.702360659837722778e-01
8.865540474653244019e-02
4.948077350854873657e-02
1.498891711235046387e-01
5.000540241599082947e-02
5.194558203220367432e-02
8.725440502166748047e-02
1.268146634101867676e-01
8.015020191669464111e-02
5.171626806259155273e-02
1.003129780292510986e-01
7.804885506629943848e-02
5.007820203900337219e-02
1.108250245451927185e-01
3.971704840660095215e-02
5.154582858085632324e-02
7.238677144050598145e-02
1.037101522088050842e-01
1.068653017282485962e-01
7.560852915048599243e-02
9.966500848531723022e-02
1.108473986387252808e-01
1.308150589466094971e-01
6.321254372596740723e-02
1.331388801336288452e-01
5.248080566525459290e-02
9.804199635982513428e-02
1.172870248556137085e-01
8.127398788928985596e-02
6.396713107824325562e-02
3.383876755833625793e-02
7.043237984180450439e-02
1.013721227645874023e-01
9.397172927856445312e-02
8.027289807796478271e-02
1.022607088088989258e-01
6.179350987076759338e-02
8.554739505052566528e-02
1.043659076094627380e-01
1.077425554394721985e-01
7.000435143709182739e-02
6.152579560875892639e-02
5.104281753301620483e-02
1.068148985505104065e-01
1.061292365193367004e-01
8.389335125684738159e-02
1.113070324063301086e-01
9.032894670963287354e-02
4.517117142677307129e-02
1.044894680380821228e-01
9.830755740404129028e-02
8.729771524667739868e-02
9.186759591102600098e-02
8.797887712717056274e-02
1.082636266946792603e-01
5.564613640308380127e-02
1.265681236982345581e-01
6.642547994852066040e-02
7.515844702720642090e-02
5.044317245483398438e-02
6.428977102041244507e-02
1.354600638151168823e-01
8.233417570590972900e-02
3.742382302880287170e-02
1.276224404573440552e-01
9.574990719556808472e-02
1.003764048218727112e-01
9.261094778776168823e-02
5.892354995012283325e-02
6.910122931003570557e-02
1.496368348598480225e-01
4.807802289724349976e-02
8.760728687047958374e-02
6.449331343173980713e-02
7.564317435026168823e-02
1.047597080469131470e-01
6.229089945554733276e-02
6.196969747543334961e-02
6.981537491083145142e-02
6.851027160882949829e-02
9.591959416866302490e-02
1.129789128899574280e-01
1.066468805074691772e-01
9.980687499046325684e-02
1.465015411376953125e-01
9.445433318614959717e-02
9.400879591703414917e-02
9.711241722106933594e-02
8.984056115150451660e-02
7.467291504144668579e-02
9.406693279743194580e-02
8.936482667922973633e-02
5.404856055974960327e-02
6.755150109529495239e-02
6.967029720544815063e-02
1.435308754444122314e-01
6.556209921836853027e-02
7.967201620340347290e-02
5.732991173863410950e-02
6.521993875503540039e-02
8.607432246208190918e-02
8.997991681098937988e-02
1.118599846959114075e-01
1.615905016660690308e-01
8.235996216535568237e-02
1.437350511550903320e-01
5.215285718441009521e-02
4.107544198632240295e-02
7.478221505880355835e-02
7.327809929847717285e-02
5.681462585926055908e-02
8.907529711723327637e-02
4.975347220897674561e-02
6.588968634605407715e-02
1.077832952141761780e-01
5.678195878863334656e-02
8.729096502065658569e-02
7.396312803030014038e-02
5.791138112545013428e-02
5.990238487720489502e-02
8.244470506906509399e-02
6.431913375854492188e-02
9.534040838479995728e-02
8.232060819864273071e-02
5.156408995389938354e-02
9.997572004795074463e-02
5.707225576043128967e-02
6.823940575122833252e-02
1.502054482698440552e-01
5.956200882792472839e-02
9.220416843891143799e-02
7.264401018619537354e-02
3.183817863464355469e-02
3.308802843093872070e-02
1.635864824056625366e-01
9.688242524862289429e-02
7.815591990947723389e-02
9.990355372428894043e-02
8.857326954603195190e-02
1.230893954634666443e-01
6.559888273477554321e-02
7.705317437648773193e-02
5.760024487972259521e-02
9.528600424528121948e-02
9.670527279376983643e-02
1.211585924029350281e-01
3.844502940773963928e-02
4.171717166900634766e-02
5.160021036863327026e-02
4.158066213130950928e-02
1.105633825063705444e-01
4.998425021767616272e-02
4.198531433939933777e-02
8.126917481422424316e-02
9.297696501016616821e-02
4.271427914500236511e-02
4.443695768713951111e-02
6.037348881363868713e-02
8.036361634731292725e-02
1.111975312232971191e-01
8.560881763696670532e-02
1.032931804656982422e-01
7.806038856506347656e-02
9.445060789585113525e-02
7.307128608226776123e-02
9.344906359910964966e-02
4.496518149971961975e-02
8.660984039306640625e-02
9.721710532903671265e-02
4.465047270059585571e-02
6.987427920103073120e-02
6.989893317222595215e-02
5.223213881254196167e-02
1.054446175694465637e-01
5.617672204971313477e-02
6.022932380437850952e-02
6.365520507097244263e-02
9.689896553754806519e-02
1.056416630744934082e-01
9.836144000291824341e-02
7.379901409149169922e-02
9.488783776760101318e-02
1.300728470087051392e-01
6.957294791936874390e-02
6.248184293508529663e-02
5.041712149977684021e-02
9.053295105695724487e-02
9.062816202640533447e-02
6.762021034955978394e-02
3.970112651586532593e-02
1.049405485391616821e-01
1.525359153747558594e-01
4.099983349442481995e-02
8.098172396421432495e-02
9.352283179759979248e-02
4.537221789360046387e-02
7.882506400346755981e-02
5.981649830937385559e-02
6.023119017481803894e-02
6.446068733930587769e-02
1.527542471885681152e-01
7.019117474555969238e-02
9.140939265489578247e-02
8.477038145065307617e-02
8.287166804075241089e-02
5.638799071311950684e-02
3.519812226295471191e-02
5.311850085854530334e-02
1.365006864070892334e-01
7.411110401153564453e-02
7.656408101320266724e-02
5.730107799172401428e-02
4.923642054200172424e-02
1.286707222461700439e-01
5.337669327855110168e-02
3.911710530519485474e-02
7.484859973192214966e-02
1.555067300796508789e-01
5.238481983542442322e-02
8.691869676113128662e-02
5.721052736043930054e-02
1.125900894403457642e-01
6.151657551527023315e-02
9.803765267133712769e-02
7.969319820404052734e-02
7.577639818191528320e-02
1.188117563724517822e-01
6.373686343431472778e-02
7.284782826900482178e-02
4.103969410061836243e-02
1.284847855567932129e-01
3.593705594539642334e-02
9.147179126739501953e-02
3.909328952431678772e-02
6.640610843896865845e-02
8.318682014942169189e-02
8.924847841262817383e-02
6.270055472850799561e-02
6.693670153617858887e-02
9.561961889266967773e-02
1.072550266981124878e-01
3.988716751337051392e-02
9.058137983083724976e-02
1.088224053382873535e-01
6.649058312177658081e-02
9.452702850103378296e-02
1.185945421457290649e-01
1.084605827927589417e-01
5.995902419090270996e-02
6.251652538776397705e-02
7.510194182395935059e-02
1.009734496474266052e-01
9.803996235132217407e-02
2.201769128441810608e-02
5.351914092898368835e-02
8.901342004537582397e-02
1.016171574592590332e-01
1.042405143380165100e-01
3.777733072638511658e-02
3.334792703390121460e-02
8.204851299524307251e-02
7.808614522218704224e-02
3.699319437146186829e-02
1.074405536055564880e-01
7.653529196977615356e-02
1.213292255997657776e-01
8.652324229478836060e-02
8.420692384243011475e-02
1.205845773220062256e-01
9.351208060979843140e-02
7.705395668745040894e-02
1.117667481303215027e-01
8.363784104585647583e-02
8.868759125471115112e-02
9.031472355127334595e-02
9.825234860181808472e-02
1.100404039025306702e-01
5.916444212198257446e-02
7.538332790136337280e-02
7.424568384885787964e-02
5.954884365200996399e-02
9.083891659975051880e-02
4.867672175168991089e-02
1.364845782518386841e-01
5.982439219951629639e-02
7.156833261251449585e-02
7.466947287321090698e-02
1.046088263392448425e-01
8.070643246173858643e-02
7.830210775136947632e-02
4.686419665813446045e-02
1.526384651660919189e-01
6.448595225811004639e-02
8.033073693513870239e-02
1.256073266267776489e-01
5.565238744020462036e-02
6.616651266813278198e-02
7.892027497291564941e-02
8.680474013090133667e-02
4.045999795198440552e-02
9.194719791412353516e-02
1.351331174373626709e-01
7.867200672626495361e-02
8.994949609041213989e-02
6.444908678531646729e-02
5.395178496837615967e-02
8.461870998144149780e-02
6.984688341617584229e-02
1.035928800702095032e-01
1.307105571031570435e-01
1.200880631804466248e-01
6.735453754663467407e-02
1.015956774353981018e-01
7.404121756553649902e-02
1.265781819820404053e-01
1.324082165956497192e-01
1.117453873157501221e-01
6.506664305925369263e-02
7.795068621635437012e-02
4.937146231532096863e-02
3.717096522450447083e-02
8.301850408315658569e-02
2.067771367728710175e-02
3.849716857075691223e-02
1.188367083668708801e-01
4.490431398153305054e-02
9.674794971942901611e-02
9.404280036687850952e-02
6.957140564918518066e-02
5.766380578279495239e-02
2.185296453535556793e-02
1.251603662967681885e-01
4.288200289011001587e-02
6.906048208475112915e-02
5.912301689386367798e-02
1.147956922650337219e-01
9.346985816955566406e-02
3.747269883751869202e-02
7.240814715623855591e-02
1.060065999627113342e-01
3.815421089529991150e-02
7.517164200544357300e-02
6.122187152504920959e-02
8.016546070575714111e-02
6.878847628831863403e-02
6.666502356529235840e-02
4.332656040787696838e-02
1.005374565720558167e-01
3.595576807856559753e-02
5.248228460550308228e-02
8.807761222124099731e-02
9.514183551073074341e-02
7.295156270265579224e-02
6.384811550378799438e-02
9.870274364948272705e-02
6.126623973250389099e-02
8.681973069906234741e-02
6.969273090362548828e-02
1.296259760856628418e-01
8.799015730619430542e-02
9.298408031463623047e-02
1.037887781858444214e-01
6.951154023408889771e-02
8.439784497022628784e-02
6.989947706460952759e-02
4.932127520442008972e-02
5.355732887983322144e-02
7.912018150091171265e-02
4.410046339035034180e-02
6.597302109003067017e-02
8.080965280532836914e-02
5.343206599354743958e-02
1.058803200721740723e-01
4.170218855142593384e-02
9.885203838348388672e-02
6.130538880825042725e-02
6.280383467674255371e-02
1.299074888229370117e-01
1.019187420606613159e-01
6.196317076683044434e-02
6.407403945922851562e-02
7.310572266578674316e-02
7.469196617603302002e-02
1.031835079193115234e-01
8.828188478946685791e-02
6.307924538850784302e-02
8.345491439104080200e-02
1.340510547161102295e-01
3.492386266589164734e-02
1.469256281852722168e-01
8.037467300891876221e-02
7.564899325370788574e-02
7.978922873735427856e-02
1.416703015565872192e-01
8.399105817079544067e-02
6.923450529575347900e-02
3.960500285029411316e-02
6.271429359912872314e-02
7.113131135702133179e-02
1.360501945018768311e-01
7.832005620002746582e-02
9.669274091720581055e-02
7.864284515380859375e-02
5.185426771640777588e-02
1.071569174528121948e-01
7.817584276199340820e-02
6.348052620887756348e-02
6.756056845188140869e-02
8.344025909900665283e-02
5.356100574135780334e-02
5.821623653173446655e-02
7.597828656435012817e-02
5.540211126208305359e-02
8.855460584163665771e-02
9.986943751573562622e-02
1.159846857190132141e-01
5.409266799688339233e-02
1.534128338098526001e-01
1.122186854481697083e-01
8.642672002315521240e-02
1.351194083690643311e-01
5.654284730553627014e-02
1.174894943833351135e-01
9.432530403137207031e-02
6.590016931295394897e-02
9.875756502151489258e-02
1.159797236323356628e-01
6.687827408313751221e-02
8.372201770544052124e-02
9.976336359977722168e-02
8.755037933588027954e-02
9.716167300939559937e-02
1.110024601221084595e-01
7.983350008726119995e-02
1.117668151855468750e-01
5.658345296978950500e-02
6.403470039367675781e-02
8.925504982471466064e-02
7.326514273881912231e-02
8.450981229543685913e-02
1.235474273562431335e-01
6.979817897081375122e-02
8.928092569112777710e-02
8.345696330070495605e-02
6.848036497831344604e-02
7.748960703611373901e-02
5.327974259853363037e-02
2.869313582777976990e-02
3.648671880364418030e-02
9.739363193511962891e-02
8.377742022275924683e-02
6.697475165128707886e-02
5.351346731185913086e-02
6.910322606563568115e-02
5.728898569941520691e-02
1.011712998151779175e-01
5.265878140926361084e-02
8.754651993513107300e-02
7.017952948808670044e-02
5.731625482439994812e-02
8.195468038320541382e-02
9.663302451372146606e-02
8.635970205068588257e-02
6.314564496278762817e-02
9.218384325504302979e-02
7.820141315460205078e-02
1.035635769367218018e-01
1.348264217376708984e-01
3.866090998053550720e-02
4.497763887047767639e-02
4.882234334945678711e-02
1.163959577679634094e-01
3.908354416489601135e-02
7.836774736642837524e-02
1.159043535590171814e-01
1.091864854097366333e-01
5.944311991333961487e-02
7.220451533794403076e-02
5.271125584840774536e-02
1.211178600788116455e-01
4.772949591279029846e-02
6.859070807695388794e-02
5.860936269164085388e-02
1.242161169648170471e-01
4.940952733159065247e-02
6.461469829082489014e-02
1.028257682919502258e-01
1.178004071116447449e-01
1.225478574633598328e-01
6.448391824960708618e-02
8.116729557514190674e-02
9.457457065582275391e-02
8.449734002351760864e-02
3.628518804907798767e-02
8.604795485734939575e-02
7.998459041118621826e-02
9.475015848875045776e-02
5.108004063367843628e-02
1.035522744059562683e-01
1.120058521628379822e-01
6.666260957717895508e-02
5.455890297889709473e-02
7.710073888301849365e-02
3.961002454161643982e-02
6.314201653003692627e-02
5.426792427897453308e-02
1.062583103775978088e-01
6.133721023797988892e-02
8.717073500156402588e-02
9.497458487749099731e-02
5.848336592316627502e-02
3.606916591525077820e-02
1.260767132043838501e-01
1.074835881590843201e-01
5.714295059442520142e-02
6.074855104088783264e-02
4.403604194521903992e-02
7.415282726287841797e-02
8.518463373184204102e-02
3.853281959891319275e-02
1.289924681186676025e-01
1.160479635000228882e-01
1.072896793484687805e-01
1.179041191935539246e-01
8.937326073646545410e-02
9.692256152629852295e-02
8.822481334209442139e-02
1.200777292251586914e-01
1.000682339072227478e-01
1.150547116994857788e-01
3.877924382686614990e-02
1.180437132716178894e-01
6.960572302341461182e-02
1.061703115701675415e-01
1.244034767150878906e-01
8.290303498506546021e-02
5.731169506907463074e-02
1.072798147797584534e-01
4.907021671533584595e-02
4.929282888770103455e-02
6.294760107994079590e-02
7.610768079757690430e-02
5.740011855959892273e-02
4.779653996229171753e-02
6.096813082695007324e-02
1.129308044910430908e-01
7.065591961145401001e-02
8.861476182937622070e-02
8.523698151111602783e-02
8.420544862747192383e-02
7.232564687728881836e-02
8.470535278320312500e-02
8.040409535169601440e-02
5.426155030727386475e-02
7.207793742418289185e-02
1.410191804170608521e-01
5.901647731661796570e-02
7.515473663806915283e-02
6.249781325459480286e-02
7.171655446290969849e-02
5.752997845411300659e-02
5.284361541271209717e-02
5.447793379426002502e-02
5.808446183800697327e-02
9.844302386045455933e-02
7.019676268100738525e-02
4.748528450727462769e-02
1.334789544343948364e-01
1.467938721179962158e-01
7.083973288536071777e-02
1.238595545291900635e-01
9.074317663908004761e-02
8.065641671419143677e-02
8.476708084344863892e-02
6.123960018157958984e-02
1.077684462070465088e-01
1.167604997754096985e-01
6.504032760858535767e-02
5.074751004576683044e-02
9.384015947580337524e-02
7.260569185018539429e-02
1.728164255619049072e-01
6.803070753812789917e-02
5.292935669422149658e-02
5.550863593816757202e-02
7.955943793058395386e-02
2.003548853099346161e-02
7.714302092790603638e-02
7.753829658031463623e-02
6.465044617652893066e-02
8.147336542606353760e-02
8.549137413501739502e-02
9.890508651733398438e-02
2.883877418935298920e-02
4.680141061544418335e-02
8.878881484270095825e-02
9.260965138673782349e-02
8.743653446435928345e-02
7.716067880392074585e-02
1.195243224501609802e-01
6.670674681663513184e-02
2.361646108329296112e-02
7.458650320768356323e-02
9.877070784568786621e-02
3.012953698635101318e-02
4.837315157055854797e-02
4.760803654789924622e-02
8.977862447500228882e-02
3.814120590686798096e-02
6.528021395206451416e-02
1.048033460974693298e-01
3.940976783633232117e-02
6.904296576976776123e-02
9.201265126466751099e-02
8.949023485183715820e-02
5.121191218495368958e-02
5.270441621541976929e-02
7.270675152540206909e-02
6.945804506540298462e-02
4.307797178626060486e-02
8.976691961288452148e-02
6.356298923492431641e-02
4.721229895949363708e-02
7.944939285516738892e-02
1.169733628630638123e-01
8.819155395030975342e-02
8.347598463296890259e-02
1.021193414926528931e-01
1.008548885583877563e-01
7.008326798677444458e-02
6.345730274915695190e-02
6.937409192323684692e-02
7.705881446599960327e-02
7.900317758321762085e-02
8.826499432325363159e-02
9.394861757755279541e-02
1.094326153397560120e-01
6.936992704868316650e-02
6.091002747416496277e-02
4.268141835927963257e-02
1.004103794693946838e-01
1.489343792200088501e-01
5.447522550821304321e-02
8.693204075098037720e-02
8.251667767763137817e-02
6.345717608928680420e-02
7.728505134582519531e-02
1.191769912838935852e-01
1.279563903808593750e-01
6.845738738775253296e-02
5.988687649369239807e-02
7.241404056549072266e-02
2.671596035361289978e-02
1.932587847113609314e-02
3.671931102871894836e-02
7.555352151393890381e-02
1.315220892429351807e-01
9.570261836051940918e-02
4.742360487580299377e-02
9.848185628652572632e-02
7.543273270130157471e-02
1.176687031984329224e-01
7.972606271505355835e-02
8.418568968772888184e-02
6.798473000526428223e-02
1.388334631919860840e-01
7.031135261058807373e-02
1.027261242270469666e-01
1.036849543452262878e-01
1.427963972091674805e-01
3.323317319154739380e-02
1.009867191314697266e-01
9.865914285182952881e-02
4.210365191102027893e-02
8.460402488708496094e-02
3.998972848057746887e-02
7.429045438766479492e-02
9.133480489253997803e-02
1.411536484956741333e-01
8.955612778663635254e-02
1.217848435044288635e-01
1.399698257446289062e-01
1.033674329519271851e-01
6.563362479209899902e-02
9.554442018270492554e-02
1.081577315926551819e-01
4.228886589407920837e-02
8.550474792718887329e-02
8.455800265073776245e-02
6.656976044178009033e-02
1.148301586508750916e-01
9.598182141780853271e-02
6.957713514566421509e-02
1.177887991070747375e-01
8.078189194202423096e-02
7.671181857585906982e-02
6.841989606618881226e-02
6.785407662391662598e-02
4.993959888815879822e-02
8.011494576930999756e-02
4.226006940007209778e-02
1.036208420991897583e-01
8.126005530357360840e-02
6.461383402347564697e-02
7.148110121488571167e-02
8.572354167699813843e-02
6.976477056741714478e-02
2.151639200747013092e-02
1.211441233754158020e-01
1.793688684701919556e-01
5.019519105553627014e-02
4.461838304996490479e-02
1.123094111680984497e-01
3.614917770028114319e-02
5.396775901317596436e-02
8.977518975734710693e-02
8.017840236425399780e-02
1.198512315750122070e-01
9.289213269948959351e-02
1.248236969113349915e-01
4.738148301839828491e-02
6.814945489168167114e-02
1.563367843627929688e-01
7.548999786376953125e-02
1.023140177130699158e-01
8.714649826288223267e-02
1.252115517854690552e-01
1.242104843258857727e-01
1.062903329730033875e-01
4.753630980849266052e-02
9.062983095645904541e-02
7.189338654279708862e-02
5.860076099634170532e-02
6.128064915537834167e-02
4.236269742250442505e-02
8.717198669910430908e-02
7.866793125867843628e-02
6.443794071674346924e-02
8.936553448438644409e-02
6.984627246856689453e-02
4.993437230587005615e-02
4.492923244833946228e-02
5.370462685823440552e-02
1.008767411112785339e-01
8.235426992177963257e-02
4.440941289067268372e-02
5.766792967915534973e-02
1.050297692418098450e-01
6.649111211299896240e-02
1.091783046722412109e-01
4.721930250525474548e-02
9.203097224235534668e-02
5.547358840703964233e-02
1.116186082363128662e-01
6.320495903491973877e-02
6.970938295125961304e-02
6.034541502594947815e-02
8.342492580413818359e-02
1.074422374367713928e-01
7.005716115236282349e-02
5.398258939385414124e-02
6.205780059099197388e-02
7.853591442108154297e-02
9.712124615907669067e-02
6.017638370394706726e-02
8.679253607988357544e-02
4.199169948697090149e-02
4.116769880056381226e-02
8.659887313842773438e-02
1.108693853020668030e-01
9.178607165813446045e-02
5.414215102791786194e-02
5.393156409263610840e-02
4.602884501218795776e-02
7.334887236356735229e-02
1.090021058917045593e-01
8.334774523973464966e-02
6.034408509731292725e-02
8.370643854141235352e-02
9.540744125843048096e-02
9.551978856325149536e-02
8.262581378221511841e-02
1.493579298257827759e-01
3.924228250980377197e-02
6.789039820432662964e-02
9.205089509487152100e-02
8.408139646053314209e-02
9.828086197376251221e-02
1.063872203230857849e-01
1.015476509928703308e-01
8.765895664691925049e-02
1.069569960236549377e-01
5.270570516586303711e-02
5.579952150583267212e-02
7.626681029796600342e-02
3.473579138517379761e-02
1.235765516757965088e-01
4.881528019905090332e-02
8.492917567491531372e-02
5.439929291605949402e-02
1.028463467955589294e-01
1.237759515643119812e-01
6.113221868872642517e-02
9.905982762575149536e-02
5.446744710206985474e-02
4.468714073300361633e-02
9.825649857521057129e-02
7.087605446577072144e-02
6.788579374551773071e-02
8.011438697576522827e-02
1.083445325493812561e-01
9.497325867414474487e-02
7.895473390817642212e-02
5.241256579756736755e-02
2.978741750121116638e-02
8.126913756132125854e-02
5.034672841429710388e-02
8.475989848375320435e-02
6.959008425474166870e-02
5.132225528359413147e-02
4.104965180158615112e-02
1.024437174201011658e-01
9.017325192689895630e-02
1.384894698858261108e-01
5.211333557963371277e-02
9.716366976499557495e-02
5.918401852250099182e-02
7.225448638200759888e-02
6.193778663873672485e-02
7.437651604413986206e-02
1.423010677099227905e-01
6.677119433879852295e-02
6.544709205627441406e-02
1.028283238410949707e-01
5.761506780982017517e-02
9.616024047136306763e-02
1.080956310033798218e-01
7.700449973344802856e-02
5.648951604962348938e-02
7.861256599426269531e-02
5.106101185083389282e-02
6.236978620290756226e-02
8.234539628028869629e-02
8.158441632986068726e-02
7.751384377479553223e-02
7.799969613552093506e-02
7.525596022605895996e-02
7.518243044614791870e-02
8.095184713602066040e-02
6.133945658802986145e-02
9.213750064373016357e-02
1.091983541846275330e-01
4.519272595643997192e-02
6.072391569614410400e-02
9.846557676792144775e-02
8.242807537317276001e-02
8.754687756299972534e-02
9.413947165012359619e-02
1.027420759201049805e-01
4.740079119801521301e-02
9.837890416383743286e-02
8.788570761680603027e-02
9.939301013946533203e-02
6.710541993379592896e-02
8.190555870532989502e-02
9.664652496576309204e-02
7.457631081342697144e-02
1.260027885437011719e-01
3.995012491941452026e-02
8.942423760890960693e-02
8.581165969371795654e-02
4.639001563191413879e-02
7.308402657508850098e-02
1.077854409813880920e-01
9.173864126205444336e-02
7.784920185804367065e-02
7.504276931285858154e-02
5.423224344849586487e-02
5.855318903923034668e-02
1.129534170031547546e-01
9.753688424825668335e-02
1.312392204999923706e-01
7.972957193851470947e-02
8.666110038757324219e-02
9.235977381467819214e-02
7.617763429880142212e-02
3.081261925399303436e-02
5.368087813258171082e-02
1.330892443656921387e-01
6.605577468872070312e-02
1.093709915876388550e-01
4.200708866119384766e-02
8.165483176708221436e-02
7.717945426702499390e-02
1.062211394309997559e-01
1.165089085698127747e-01
1.177012473344802856e-01
9.447534382343292236e-02
1.006331294775009155e-01
1.260598748922348022e-01
8.955428749322891235e-02
5.718449875712394714e-02
9.044975787401199341e-02
7.820248603820800781e-02
9.465067088603973389e-02
1.063052490353584290e-01
7.987111061811447144e-02
4.818401113152503967e-02
6.079401075839996338e-02
8.593381941318511963e-02
2.695591375231742859e-02
3.447155654430389404e-02
6.825844943523406982e-02
9.908259660005569458e-02
3.065957315266132355e-02
1.032206416130065918e-01
1.414309740066528320e-01
1.267323493957519531e-01
9.419847279787063599e-02
6.385555118322372437e-02
9.758353233337402344e-02
1.438384801149368286e-01
6.681625545024871826e-02
6.276292353868484497e-02
6.516721844673156738e-02
1.302484124898910522e-01
1.097623631358146667e-01
4.889882728457450867e-02
7.869452983140945435e-02
6.667409092187881470e-02
8.212023973464965820e-02
1.330116689205169678e-01
5.053113773465156555e-02
3.725502640008926392e-02
8.671300113201141357e-02
8.383464813232421875e-02
1.164109706878662109e-01
7.871558517217636108e-02
9.405171126127243042e-02
1.101476848125457764e-01
7.591810077428817749e-02
1.365539729595184326e-01
7.350628077983856201e-02
6.339935958385467529e-02
1.079294160008430481e-01
4.874899610877037048e-02
6.708444654941558838e-02
9.401809424161911011e-02
1.258740872144699097e-01
9.743949025869369507e-02
8.974330127239227295e-02
7.516597956418991089e-02
1.187927350401878357e-01
6.213048100471496582e-02
1.020598486065864563e-01
6.468600034713745117e-02
1.068946495652198792e-01
1.241807490587234497e-01
8.809044212102890015e-02
7.918874174356460571e-02
6.126291677355766296e-02
1.018841639161109924e-01
5.254498124122619629e-02
5.669414624571800232e-02
4.759744927287101746e-02
9.424957633018493652e-02
1.015834584832191467e-01
8.944065868854522705e-02
1.241880580782890320e-01
8.306520432233810425e-02
7.479349523782730103e-02
5.511982738971710205e-02
6.377850472927093506e-02
6.764312088489532471e-02
6.929903477430343628e-02
1.258878707885742188e-01
1.161904856562614441e-01
2.954035811126232147e-02
1.537315398454666138e-01
7.243455946445465088e-02
9.437513351440429688e-02
8.669503033161163330e-02
8.141850680112838745e-02
3.060186468064785004e-02
8.186211436986923218e-02
1.137747839093208313e-01
1.006192490458488464e-01
7.454175502061843872e-02
5.411174893379211426e-02
4.168929532170295715e-02
5.058461800217628479e-02
5.254728347063064575e-02
1.236796602606773376e-01
8.304512500762939453e-02
1.016630753874778748e-01
9.884371608495712280e-02
8.976297080516815186e-02
9.008184075355529785e-02
3.289759904146194458e-02
1.025016307830810547e-01
5.168304219841957092e-02
3.748918324708938599e-02
1.434843391180038452e-01
6.817349046468734741e-02
4.332796111702919006e-02
3.887813165783882141e-02
6.132705882191658020e-02
1.167175918817520142e-01
9.045143425464630127e-02
6.841509789228439331e-02
8.799398690462112427e-02
6.622767448425292969e-02
5.290157720446586609e-02
8.258394896984100342e-02
1.032523438334465027e-01
7.391749322414398193e-02
6.147192791104316711e-02
1.303543299436569214e-01
5.400950834155082703e-02
3.611789271235466003e-02
9.771604835987091064e-02
6.127672269940376282e-02
7.384558022022247314e-02
7.572747021913528442e-02
7.348928600549697876e-02
9.329749643802642822e-02
5.110252648591995239e-02
3.600915893912315369e-02
9.704313427209854126e-02
5.802442878484725952e-02
5.612812563776969910e-02
6.609934568405151367e-02
1.142576932907104492e-01
1.187012121081352234e-01
5.169466882944107056e-02
8.594719320535659790e-02
5.059461668133735657e-02
9.947863221168518066e-02
8.511114120483398438e-02
7.208846509456634521e-02
3.640584275126457214e-02
5.672669410705566406e-02
8.642113208770751953e-02
5.488374829292297363e-02
4.754871502518653870e-02
7.559445500373840332e-02
6.148781999945640564e-02
5.542353540658950806e-02
6.962763518095016479e-02
1.046854332089424133e-01
8.825048059225082397e-02
9.170147031545639038e-02
1.047583743929862976e-01
5.552041530609130859e-02
1.064286157488822937e-01
4.490961506962776184e-02
1.056259498000144958e-01
7.081277668476104736e-02
1.187867671251296997e-01
7.275617122650146484e-02
2.637169510126113892e-02
8.297261595726013184e-02
1.110612675547599792e-01
6.448341161012649536e-02
5.254418030381202698e-02
7.209512591361999512e-02
4.129666090011596680e-02
7.167013734579086304e-02
7.300709933042526245e-02
4.949278011918067932e-02
1.423971801996231079e-01
8.715239167213439941e-02
7.621415704488754272e-02
5.630838871002197266e-02
1.513381898403167725e-01
6.266076117753982544e-02
8.254095911979675293e-02
8.405522257089614868e-02
6.818041205406188965e-02
9.119453281164169312e-02
4.712549597024917603e-02
9.817905724048614502e-02
9.045466035604476929e-02
7.433325052261352539e-02
7.251343876123428345e-02
7.056726515293121338e-02
8.504378050565719604e-02
9.179478883743286133e-02
9.831622987985610962e-02
3.337304294109344482e-02
1.312585473060607910e-01
1.252997070550918579e-01
3.968740254640579224e-02
4.176554828882217407e-02
6.649797409772872925e-02
6.071311980485916138e-02
1.184337884187698364e-01
1.219304278492927551e-01
1.369957327842712402e-01
7.527941465377807617e-02
2.634359523653984070e-02
9.834527969360351562e-02
8.493632823228836060e-02
4.323450475931167603e-02
8.464531600475311279e-02
1.139911413192749023e-01
1.009730771183967590e-01
1.293908208608627319e-01
9.920848906040191650e-02
6.127234920859336853e-02
7.656373828649520874e-02
6.288175284862518311e-02
6.111722439527511597e-02
3.908821195363998413e-02
9.074859321117401123e-02
6.497989594936370850e-02
1.232894361019134521e-01
6.334213912487030029e-02
7.905785739421844482e-02
1.742798835039138794e-02
1.246812194585800171e-01
6.986509263515472412e-02
1.220772042870521545e-01
3.360554575920104980e-02
4.554074257612228394e-02
9.525236487388610840e-02
8.940506726503372192e-02
4.595489799976348877e-02
9.250676631927490234e-02
1.000845879316329956e-01
9.959345310926437378e-02
2.165994606912136078e-02
5.607488751411437988e-02
6.177179887890815735e-02
1.261712014675140381e-01
5.715016648173332214e-02
6.047427654266357422e-02
8.388086408376693726e-02
6.133292242884635925e-02
8.880905807018280029e-02
9.815677255392074585e-02
6.462609767913818359e-02
9.696191549301147461e-02
4.968857765197753906e-02
1.364781111478805542e-01
8.148353546857833862e-02
4.287031292915344238e-02
4.249779507517814636e-02
7.874856144189834595e-02
8.465395867824554443e-02
6.375409662723541260e-02
4.388960078358650208e-02
9.580469131469726562e-02
8.729507774114608765e-02
7.214015722274780273e-02
6.649692356586456299e-02
5.126456916332244873e-02
1.241934597492218018e-01
1.082466170191764832e-01
7.892845571041107178e-02
6.000511720776557922e-02
7.149233669042587280e-02
5.273275077342987061e-02
8.609722554683685303e-02
5.565788969397544861e-02
5.751902610063552856e-02
5.872888118028640747e-02
5.156056955456733704e-02
4.828624799847602844e-02
2.917120605707168579e-02
1.131649315357208252e-01
1.179022639989852905e-01
7.807822525501251221e-02
9.805981069803237915e-02
1.155817508697509766e-01
6.885173916816711426e-02
9.500614553689956665e-02
6.548952311277389526e-02
4.683148115873336792e-02
4.553930088877677917e-02
9.702152013778686523e-02
1.014758720993995667e-01
3.617178648710250854e-02
9.764081239700317383e-02
8.418992161750793457e-02
1.151078119874000549e-01
1.017261072993278503e-01
9.382659941911697388e-02
8.471200615167617798e-02
8.828423917293548584e-02
1.110348030924797058e-01
8.777380734682083130e-02
9.160879254341125488e-02
9.490612149238586426e-02
7.178846746683120728e-02
8.109166473150253296e-02
1.061813980340957642e-01
9.433991461992263794e-02
1.033308878540992737e-01
6.426526606082916260e-02
3.090763464570045471e-02
7.565355300903320312e-02
6.928922235965728760e-02
4.903135076165199280e-02
8.433362096548080444e-02
7.745226472616195679e-02
1.035227626562118530e-01
1.028836891055107117e-01
9.839640557765960693e-02
9.850466251373291016e-02
8.073601871728897095e-02
5.034270882606506348e-02
7.348857820034027100e-02
7.610983401536941528e-02
1.090240105986595154e-01
9.267695248126983643e-02
8.863352239131927490e-02
7.911195605993270874e-02
4.412142932415008545e-02
5.196265876293182373e-02
6.416065990924835205e-02
4.897652566432952881e-02
7.931925356388092041e-02
3.650060296058654785e-02
4.694941639900207520e-02
1.412832438945770264e-01
5.501155927777290344e-02
5.459736660122871399e-02
5.171573162078857422e-02
8.276733011007308960e-02
5.939514189958572388e-02
9.216179698705673218e-02
6.034665927290916443e-02
1.163993030786514282e-01
1.186330169439315796e-01
9.864597767591476440e-02
8.825922757387161255e-02
4.245092347264289856e-02
3.589326888322830200e-02
3.745683655142784119e-02
3.733803331851959229e-02
9.960187971591949463e-02
1.262599974870681763e-01
5.901692062616348267e-02
9.925966709852218628e-02
8.971053361892700195e-02
5.634379759430885315e-02
7.859771698713302612e-02
6.798754632472991943e-02
8.680601418018341064e-02
3.749755397439002991e-02
1.312017589807510376e-01
2.719159051775932312e-02
4.856885224580764771e-02
1.050372198224067688e-01
1.352438181638717651e-01
1.011634096503257751e-01
1.239863187074661255e-01
1.101870760321617126e-01
8.446662127971649170e-02
9.915217012166976929e-02
6.106000393629074097e-02
7.309526205062866211e-02
7.074051350355148315e-02
5.389738082885742188e-02
1.506219357252120972e-01
5.521076545119285583e-02
9.026986360549926758e-02
9.831815212965011597e-02
6.578389555215835571e-02
6.477598845958709717e-02
9.703070670366287231e-02
6.968969851732254028e-02
9.379112720489501953e-02
1.214678063988685608e-01
6.755213439464569092e-02
7.395288348197937012e-02
1.160197798162698746e-02
6.400024890899658203e-02
5.672131106257438660e-02
5.765826255083084106e-02
4.231592267751693726e-02
5.195338279008865356e-02
1.191425472497940063e-01
8.416720479726791382e-02
9.061148762702941895e-02
9.201528877019882202e-02
9.522224217653274536e-02
1.059804186224937439e-01
7.107303291559219360e-02
8.897745609283447266e-02
4.120466113090515137e-02
9.542098641395568848e-02
7.803738117218017578e-02
6.707216799259185791e-02
7.716640830039978027e-02
4.637791961431503296e-02
4.759692773222923279e-02
9.962516278028488159e-02
7.918183505535125732e-02
1.333888322114944458e-01
4.386431351304054260e-02
5.615115538239479065e-02
6.847675144672393799e-02
7.575207948684692383e-02
5.443632602691650391e-02
5.311151593923568726e-02
8.511064946651458740e-02
9.618408232927322388e-02
9.977606683969497681e-02
4.750867560505867004e-02
6.275566667318344116e-02
5.830725282430648804e-02
1.490456759929656982e-01
1.027005985379219055e-01
1.012502238154411316e-01
8.896392583847045898e-02
6.369035691022872925e-02
7.670233398675918579e-02
9.485934674739837646e-02
7.934468984603881836e-02
9.657172858715057373e-02
7.072183489799499512e-02
1.083068624138832092e-01
6.942129880189895630e-02
1.272391229867935181e-01
1.148845478892326355e-01
6.299199908971786499e-02
9.341855347156524658e-02
7.563775032758712769e-02
8.789898455142974854e-02
8.341015130281448364e-02
5.757489427924156189e-02
1.180236712098121643e-01
1.412610113620758057e-01
1.073349788784980774e-01
1.497497260570526123e-01
1.637004464864730835e-01
8.395819365978240967e-02
3.216565400362014771e-02
7.859862595796585083e-02
6.630416214466094971e-02
1.441652476787567139e-01
1.089694052934646606e-01
1.313489079475402832e-01
5.681745335459709167e-02
5.839390680193901062e-02
7.116784900426864624e-02
9.272645413875579834e-02
7.522769272327423096e-02
8.214092999696731567e-02
6.631384044885635376e-02
5.704030767083168030e-02
5.544559657573699951e-02
9.388198703527450562e-02
1.054767444729804993e-01
1.048148125410079956e-01
1.059529036283493042e-01
5.924359336495399475e-02
1.001875326037406921e-01
4.363188520073890686e-02
1.154504045844078064e-01
1.222965195775032043e-01
8.814679086208343506e-02
9.780758619308471680e-02
7.543732970952987671e-02
9.431041777133941650e-02
1.257607638835906982e-01
7.364690303802490234e-02
1.207282990217208862e-01
9.860090166330337524e-02
5.137872695922851562e-02
7.849409431219100952e-02
9.257715940475463867e-02
6.000379100441932678e-02
6.252577155828475952e-02
9.123500436544418335e-02
6.654798984527587891e-02
2.898955903947353363e-02
8.012768626213073730e-02
8.748734742403030396e-02
9.952318668365478516e-02
7.688003778457641602e-02
6.076079234480857849e-02
8.489769697189331055e-02
4.602381587028503418e-02
7.821848243474960327e-02
2.477029897272586823e-02
8.911259472370147705e-02
8.037725090980529785e-02
5.481367185711860657e-02
5.214125663042068481e-02
1.039132103323936462e-01
7.907332479953765869e-02
8.828036487102508545e-02
7.239242643117904663e-02
9.530614316463470459e-02
9.307943284511566162e-02
5.545019730925559998e-02
6.790078431367874146e-02
7.026717066764831543e-02
9.519531577825546265e-02
1.104860678315162659e-01
8.097140491008758545e-02
8.327336609363555908e-02
1.131082177162170410e-01
7.761289179325103760e-02
1.117663905024528503e-01
1.343838125467300415e-01
4.103654250502586365e-02
9.121523052453994751e-02
5.939781665802001953e-02
1.160356029868125916e-01
4.558392614126205444e-02
7.517423480749130249e-02
5.244878306984901428e-02
7.809557020664215088e-02
1.379970610141754150e-01
7.166423648595809937e-02
7.964634895324707031e-02
6.464963406324386597e-02
9.796261042356491089e-02
9.470077604055404663e-02
8.361927419900894165e-02
6.242244690656661987e-02
7.372777909040451050e-02
9.084746241569519043e-02
6.737026572227478027e-02
9.661114960908889771e-02
9.250834584236145020e-02
7.107093930244445801e-02
6.242280080914497375e-02
1.135024800896644592e-01
8.777569979429244995e-02
4.698596894741058350e-02
3.709962218999862671e-02
9.314289689064025879e-02
9.305424988269805908e-02
4.181831330060958862e-02
1.152138113975524902e-01
8.626320213079452515e-02
9.019029140472412109e-02
1.137164831161499023e-01
5.162837728857994080e-02
5.403908342123031616e-02
5.915547907352447510e-02
5.178944021463394165e-02
2.958935126662254333e-02
5.173707380890846252e-02
8.946181088685989380e-02
8.341755717992782593e-02
7.190535217523574829e-02
6.411766260862350464e-02
6.697065383195877075e-02
8.006700873374938965e-02
4.813264682888984680e-02
8.078848570585250854e-02
1.279250085353851318e-01
6.883534044027328491e-02
8.367982506752014160e-02
9.854995459318161011e-02
1.099316105246543884e-01
7.245494425296783447e-02
3.342179208993911743e-02
7.477834075689315796e-02
9.178212285041809082e-02
7.572630792856216431e-02
7.835895568132400513e-02
6.299632787704467773e-02
8.132781833410263062e-02
5.337836965918540955e-02
9.567558765411376953e-02
1.152366474270820618e-01
9.173509478569030762e-02
1.045980229973793030e-01
7.774668931961059570e-02
8.519761264324188232e-02
8.699437230825424194e-02
1.013642996549606323e-01
4.884254559874534607e-02
6.663237512111663818e-02
1.264375448226928711e-01
9.615857154130935669e-02
4.937939345836639404e-02
8.414735645055770874e-02
6.504807621240615845e-02
4.203153774142265320e-02
4.052072390913963318e-02
5.090637132525444031e-02
8.966587483882904053e-03
6.830603629350662231e-02
3.702784329652786255e-02
4.660487174987792969e-02
1.007275879383087158e-01
7.289204001426696777e-02
5.844227969646453857e-02
9.268577396869659424e-02
6.956606358289718628e-02
1.354675889015197754e-01
5.637920647859573364e-02
5.941995605826377869e-02
8.980517834424972534e-02
4.036934673786163330e-02
8.155274391174316406e-02
3.443621844053268433e-02
7.763419300317764282e-02
2.784679830074310303e-02
6.838653981685638428e-02
1.600318253040313721e-01
1.290000230073928833e-01
6.879650056362152100e-02
1.081181913614273071e-01
9.515203535556793213e-02
5.473071336746215820e-02
6.798300147056579590e-02
8.064631372690200806e-02
1.235979646444320679e-01
8.489231765270233154e-02
1.172082424163818359e-01
1.322336792945861816e-01
1.087511479854583740e-01
1.340589076280593872e-01
8.966471999883651733e-02
9.984151273965835571e-02
8.566117286682128906e-02
5.260711163282394409e-02
1.032664179801940918e-01
5.779223889112472534e-02
9.220883250236511230e-02
1.097431927919387817e-01
1.497009545564651489e-01
1.021748110651969910e-01
5.057399347424507141e-02
3.581682965159416199e-02
1.536153703927993774e-01
8.724771440029144287e-02
6.057105585932731628e-02
8.909128606319427490e-02
1.331893652677536011e-01
5.650081858038902283e-02
8.005705475807189941e-02
7.157946377992630005e-02
1.097475886344909668e-01
8.373918384313583374e-02
7.690572738647460938e-02
7.648247480392456055e-02
6.471252441406250000e-02
1.134842112660408020e-01
1.093299910426139832e-01
5.939421057701110840e-02
7.436159998178482056e-02
1.181361973285675049e-01
1.140343993902206421e-01
1.025428920984268188e-01
9.390760213136672974e-02
8.589316159486770630e-02
1.185659319162368774e-01
8.734542876482009888e-02
6.920240819454193115e-02
1.484748870134353638e-01
6.158517301082611084e-02
2.536511421203613281e-02
6.516850739717483521e-02
8.173869550228118896e-02
5.788882821798324585e-02
7.944723218679428101e-02
7.616417109966278076e-02
5.312187597155570984e-02
1.208936274051666260e-01
7.341005653142929077e-02
8.636251837015151978e-02
6.028450280427932739e-02
1.363734900951385498e-01
9.756105393171310425e-02
5.145452916622161865e-02
8.814616501331329346e-02
1.587664484977722168e-01
8.184695988893508911e-02
6.090369448065757751e-02
5.622581765055656433e-02
4.049483686685562134e-02
6.619147956371307373e-02
3.419204801321029663e-02
1.552567631006240845e-01
7.094469666481018066e-02
7.189464569091796875e-02
2.543040737509727478e-02
1.201939582824707031e-01
1.087345555424690247e-01
9.854649752378463745e-02
1.377025991678237915e-01
8.533127605915069580e-02
1.312600374221801758e-01
5.263231694698333740e-02
1.184228956699371338e-01
5.011120066046714783e-02
5.744588375091552734e-02
6.664681434631347656e-02
8.580005168914794922e-02
9.622429311275482178e-02
8.101125806570053101e-02
8.740740269422531128e-02
7.489293068647384644e-02
8.970992267131805420e-02
7.184497267007827759e-02
8.782409131526947021e-02
6.369680911302566528e-02
8.839412033557891846e-02
4.893454164266586304e-02
6.457193940877914429e-02
5.887146294116973877e-02
1.528973281383514404e-01
4.008508846163749695e-02
1.078971922397613525e-01
1.192261800169944763e-01
7.220316678285598755e-02
9.201535582542419434e-02
1.054095923900604248e-01
1.039380356669425964e-01
8.808329701423645020e-02
1.115324348211288452e-01
5.154055356979370117e-02
3.915041312575340271e-02
1.055756732821464539e-01
8.918872475624084473e-02
1.623311042785644531e-01
8.750721812248229980e-02
3.120714984834194183e-02
1.036716252565383911e-01
5.433090776205062866e-02
6.047875434160232544e-02
6.842348724603652954e-02
8.539360761642456055e-02
5.136256664991378784e-02
8.750139921903610229e-02
9.967781603336334229e-02
8.905689418315887451e-02
1.141457557678222656e-01
1.479218602180480957e-01
7.032236456871032715e-02
5.442440882325172424e-02
6.656514108180999756e-02
6.768474727869033813e-02
3.884204477071762085e-02
4.010717570781707764e-02
1.467945724725723267e-01
1.197595819830894470e-01
3.423447161912918091e-02
1.124816909432411194e-01
3.007721342146396637e-02
1.159608811140060425e-01
5.575957894325256348e-02
7.814268767833709717e-02
5.866266787052154541e-02
1.060172095894813538e-01
1.211207211017608643e-01
3.667338937520980835e-02
5.891893059015274048e-02
7.532402127981185913e-02
6.639056652784347534e-02
7.372661679983139038e-02
5.085453763604164124e-02
1.285292059183120728e-01
6.813981384038925171e-02
6.329924613237380981e-02
9.034582972526550293e-02
5.571828410029411316e-02
6.205545365810394287e-02
1.362805664539337158e-01
5.072875320911407471e-02
6.047123298048973083e-02
4.523226991295814514e-02
7.471258938312530518e-02
5.427258089184761047e-02
1.098342239856719971e-01
1.198361739516258240e-01
5.948985368013381958e-02
1.095053553581237793e-01
1.284771263599395752e-01
6.177857890725135803e-02
8.232425153255462646e-02
6.109677627682685852e-02
1.016858220100402832e-01
9.615607559680938721e-02
1.297386288642883301e-01
7.202861458063125610e-02
8.292040973901748657e-02
6.859946995973587036e-02
1.056696847081184387e-01
8.088544011116027832e-02
9.356946498155593872e-02
5.585052818059921265e-02
5.370473861694335938e-02
1.096877977252006531e-01
1.033071875572204590e-01
8.332660049200057983e-02
7.084061950445175171e-02
8.350745588541030884e-02
1.015379130840301514e-01
9.471129626035690308e-02
3.536720946431159973e-02
8.926881104707717896e-02
5.759406089782714844e-02
5.879030004143714905e-02
8.286275714635848999e-02
1.006165593862533569e-01
4.965753480792045593e-02
8.136235177516937256e-02
6.181052327156066895e-02
2.061901427805423737e-02
7.368835061788558960e-02
5.788207799196243286e-02
8.031521737575531006e-02
6.679037213325500488e-02
4.618391394615173340e-02
8.865243941545486450e-02
8.044066280126571655e-02
9.397616982460021973e-02
5.728155747056007385e-02
8.356536179780960083e-02
8.792917430400848389e-02
8.270329982042312622e-02
6.483824551105499268e-02
7.562319934368133545e-02
9.573422372341156006e-02
6.704571098089218140e-02
9.491851925849914551e-02
9.930413961410522461e-02
6.830429285764694214e-02
8.245543390512466431e-02
4.659623280167579651e-02
3.798741102218627930e-02
5.134091153740882874e-02
7.510185241699218750e-02
5.092032626271247864e-02
9.076213091611862183e-02
4.142525047063827515e-02
8.145482093095779419e-02
1.072400957345962524e-01
8.020951598882675171e-02
8.014380931854248047e-02
9.714160859584808350e-02
6.586711108684539795e-02
6.924877315759658813e-02
5.245902016758918762e-02
3.765609860420227051e-02
8.219031989574432373e-02
2.328019961714744568e-02
7.782693207263946533e-02
1.064939871430397034e-01
9.474363923072814941e-02
5.113348364830017090e-02
4.580647870898246765e-02
9.455360472202301025e-02
6.002965942025184631e-02
6.137287244200706482e-02
3.468633070588111877e-02
9.587095677852630615e-02
8.236991614103317261e-02
6.587947905063629150e-02
1.358592063188552856e-01
6.065134704113006592e-02
4.548763111233711243e-02
6.787240505218505859e-02
7.632553577423095703e-02
8.304152637720108032e-02
6.851422041654586792e-02
8.745708316564559937e-02
3.599540144205093384e-02
1.168083250522613525e-01
7.142877578735351562e-02
1.030799672007560730e-01
7.956077158451080322e-02
7.546224445104598999e-02
6.797791272401809692e-02
9.670126438140869141e-02
6.613191217184066772e-02
8.815129101276397705e-02
4.587363451719284058e-02
1.577603965997695923e-01
4.280376434326171875e-02
1.028863489627838135e-01
9.559175372123718262e-02
1.237040758132934570e-01
1.222656890749931335e-01
6.674183905124664307e-02
1.429637074470520020e-01
7.299063354730606079e-02
6.902264803647994995e-02
1.244846135377883911e-01
5.441917851567268372e-02
1.607070565223693848e-01
5.913250520825386047e-02
8.379127830266952515e-02
4.516868665814399719e-02
6.910122185945510864e-02
7.581669092178344727e-02
7.187516987323760986e-02
6.519038975238800049e-02
5.364290624856948853e-02
4.360229894518852234e-02
6.801233440637588501e-02
7.292816787958145142e-02
1.347802281379699707e-01
1.106681227684020996e-01
7.545228302478790283e-02
9.258992969989776611e-02
9.028346836566925049e-02
8.354434370994567871e-02
1.097718030214309692e-01
5.968905612826347351e-02
6.449248641729354858e-02
6.969324499368667603e-02
8.535707741975784302e-02
6.853961944580078125e-02
9.608505666255950928e-02
1.004438027739524841e-01
9.810759872198104858e-02
1.087577566504478455e-01
6.924505531787872314e-02
7.424114644527435303e-02
3.695287182927131653e-02
8.854372054338455200e-02
6.712120771408081055e-02
1.066808030009269714e-01
1.113323271274566650e-01
1.059383600950241089e-01
8.748272061347961426e-02
1.356554329395294189e-01
1.121803149580955505e-01
3.029225207865238190e-02
9.756358712911605835e-02
7.045293599367141724e-02
4.117073863744735718e-02
5.696037784218788147e-02
8.186374604701995850e-02
4.695568233728408813e-02
4.569231718778610229e-02
1.235451251268386841e-01
7.891256362199783325e-02
8.444405347108840942e-02
8.110033720731735229e-02
1.048741787672042847e-01
7.508229464292526245e-02
6.714627891778945923e-02
1.067624166607856750e-01
3.227421641349792480e-02
1.057104244828224182e-01
1.049202829599380493e-01
1.006093025207519531e-01
6.633419543504714966e-02
4.838822409510612488e-02
1.127240955829620361e-01
1.269168853759765625e-01
9.306736290454864502e-02
2.333902418613433838e-01
1.334450393915176392e-01
7.048011571168899536e-02
7.624001801013946533e-02
1.072006300091743469e-01
6.924610584974288940e-02
8.479256927967071533e-02
6.920739263296127319e-02
1.156393885612487793e-01
6.555204093456268311e-02
8.543565124273300171e-02
7.394144684076309204e-02
7.400203496217727661e-02
7.833096385002136230e-02
5.941822379827499390e-02
8.334933966398239136e-02
3.033432364463806152e-02
1.189935579895973206e-01
5.861565470695495605e-02
6.904003769159317017e-02
6.146872788667678833e-02
4.333002865314483643e-02
4.270797967910766602e-02
4.748784750699996948e-02
8.316196501255035400e-02
8.936333656311035156e-02
1.025955229997634888e-01
3.622702509164810181e-02
5.363846942782402039e-02
2.803255617618560791e-02
7.468470185995101929e-02
5.103104561567306519e-02
6.422965228557586670e-02
9.732522815465927124e-02
8.639912307262420654e-02
5.587697401642799377e-02
1.438610851764678955e-01
9.170246124267578125e-02
6.398357450962066650e-02
5.914862081408500671e-02
3.005610033869743347e-02
7.458247989416122437e-02
8.439708501100540161e-02
1.436187177896499634e-01
4.757856205105781555e-02
7.968716323375701904e-02
8.530490845441818237e-02
7.697527855634689331e-02
8.747186511754989624e-02
1.260973811149597168e-01
7.627286016941070557e-02
8.523719012737274170e-02
7.311111688613891602e-02
5.889988318085670471e-02
5.675331503152847290e-02
3.357645496726036072e-02
6.613959372043609619e-02
8.989461511373519897e-02
2.737073414027690887e-02
9.230213612318038940e-02
5.840466916561126709e-02
7.434771955013275146e-02
6.360360234975814819e-02
3.592460602521896362e-02
6.628999859094619751e-02
7.490700483322143555e-02
1.172312870621681213e-01
6.379573792219161987e-02
8.221366256475448608e-02
9.785544872283935547e-02
4.779592156410217285e-02
1.083791255950927734e-01
6.891924887895584106e-02
1.444374173879623413e-01
6.634640693664550781e-02
1.077942699193954468e-01
4.889830201864242554e-02
8.342616260051727295e-02
7.086489349603652954e-02
8.840315788984298706e-02
5.193646624684333801e-02
9.051869809627532959e-02
5.899755284190177917e-02
3.963219374418258667e-02
5.770349875092506409e-02
3.712498024106025696e-02
4.609239473938941956e-02
1.101031079888343811e-01
1.420902609825134277e-01
8.364635705947875977e-02
8.962161093950271606e-02
3.783587738871574402e-02
4.003219306468963623e-02
8.180743455886840820e-02
9.501721709966659546e-02
1.065505743026733398e-01
7.226967811584472656e-02
4.452328011393547058e-02
5.637003108859062195e-02
5.997964739799499512e-02
3.767534717917442322e-02
7.141371071338653564e-02
1.143639981746673584e-01
5.297084152698516846e-02
1.564619243144989014e-01
1.225080043077468872e-01
6.672520935535430908e-02
6.123325228691101074e-02
8.677487075328826904e-02
7.990111410617828369e-02
3.857139870524406433e-02
1.096684932708740234e-01
1.238913163542747498e-01
5.705953016877174377e-02
8.920932561159133911e-02
6.645364314317703247e-02
1.155396029353141785e-01
7.702802866697311401e-02
3.274659067392349243e-02
5.431470647454261780e-02
1.423773616552352905e-01
4.946706816554069519e-02
1.076361835002899170e-01
1.104892417788505554e-01
5.824971944093704224e-02
5.914138630032539368e-02
5.193161591887474060e-02
7.575020939111709595e-02
1.086248010396957397e-01
5.996963009238243103e-02
8.681610971689224243e-02
7.964811474084854126e-02
1.041479781270027161e-01
1.200619339942932129e-01
6.569889932870864868e-02
8.919408917427062988e-02
7.933069020509719849e-02
8.383755385875701904e-02
1.459037214517593384e-01
9.557544440031051636e-02
1.235896646976470947e-01
1.095250770449638367e-01
8.549657464027404785e-02
7.681191712617874146e-02
5.835431814193725586e-02
1.560644358396530151e-01
4.957509040832519531e-02
8.792152255773544312e-02
5.585495010018348694e-02
8.637423068284988403e-02
5.155275389552116394e-02
9.346687793731689453e-02
1.040164977312088013e-01
7.224289327859878540e-02
7.195597141981124878e-02
1.087056621909141541e-01
1.059624180197715759e-01
7.073578983545303345e-02
7.217419892549514771e-02
7.091915607452392578e-02
6.590253114700317383e-02
8.617191761732101440e-02
8.362580090761184692e-02
5.254460871219635010e-02
9.755010157823562622e-02
6.550823152065277100e-02
7.457634806632995605e-02
1.134360134601593018e-01
9.522626549005508423e-02
6.274710595607757568e-02
5.086803436279296875e-02
9.921395033597946167e-02
4.848956316709518433e-02
9.964047372341156006e-02
8.569607138633728027e-02
1.097731292247772217e-01
5.671506747603416443e-02
5.234597623348236084e-02
6.502944231033325195e-02
7.805062085390090942e-02
6.588176637887954712e-02
9.961589425802230835e-02
1.020371094346046448e-01
6.987384706735610962e-02
7.983674854040145874e-02
1.054793521761894226e-01
9.726136177778244019e-02
6.416134536266326904e-02
6.307629495859146118e-02
5.816079676151275635e-02
6.988838315010070801e-02
1.125922799110412598e-01
6.113212928175926208e-02
6.266214698553085327e-02
9.897954761981964111e-02
6.320238113403320312e-02
5.235877633094787598e-02
1.067521497607231140e-01
1.407098621129989624e-01
1.263574212789535522e-01
8.254563808441162109e-02
5.478218942880630493e-02
8.194055408239364624e-02
7.762359827756881714e-02
8.039142191410064697e-02
5.814302712678909302e-02
5.553679168224334717e-02
7.885577529668807983e-02
8.220038563013076782e-02
8.153371512889862061e-02
6.077943742275238037e-02
5.152260884642601013e-02
7.906647771596908569e-02
8.153063058853149414e-02
6.363915652036666870e-02
7.778493314981460571e-02
8.823170512914657593e-02
5.574505403637886047e-02
8.180943876504898071e-02
9.821368753910064697e-02
8.426506072282791138e-02
7.896223664283752441e-02
9.262962639331817627e-02
1.365207731723785400e-01
6.024506688117980957e-02
1.354181766510009766e-01
5.713114514946937561e-02
1.030023396015167236e-01
1.595394015312194824e-01
1.149483397603034973e-01
7.146379351615905762e-02
4.324629530310630798e-02
7.697515934705734253e-02
1.167586073279380798e-01
6.459946930408477783e-02
1.107176467776298523e-01
1.143044978380203247e-01
9.822557121515274048e-02
1.159908026456832886e-01
5.542257055640220642e-02
1.009034141898155212e-01
9.655207395553588867e-02
5.373071879148483276e-02
6.808061897754669189e-02
1.550051718950271606e-01
6.226868182420730591e-02
4.204246774315834045e-02
6.304907798767089844e-02
1.101847216486930847e-01
7.968923449516296387e-02
1.595792770385742188e-01
9.733194112777709961e-02
1.270281076431274414e-01
5.585542693734169006e-02
1.019613593816757202e-01
1.187631264328956604e-01
1.209769919514656067e-01
7.084690034389495850e-02
8.359266072511672974e-02
7.283680140972137451e-02
8.494122326374053955e-02
4.771472141146659851e-02
1.175316348671913147e-01
1.021773591637611389e-01
7.636138051748275757e-02
7.625462859869003296e-02
8.303104341030120850e-02
1.377417892217636108e-01
7.751749455928802490e-02
7.147702574729919434e-02
3.746660798788070679e-02
1.560441851615905762e-01
9.494265168905258179e-02
6.618004292249679565e-02
1.199843510985374451e-01
8.578673750162124634e-02
9.892032295465469360e-02
2.483212575316429138e-02
6.011284887790679932e-02
5.653662234544754028e-02
3.703017905354499817e-02
8.518835902214050293e-02
4.427589103579521179e-02
1.219125911593437195e-01
7.786881923675537109e-02
1.289378106594085693e-01
8.813302218914031982e-02
4.367641359567642212e-02
6.554787606000900269e-02
1.035110130906105042e-01
8.652382344007492065e-02
9.072279930114746094e-02
5.675978586077690125e-02
9.134493023157119751e-02
5.021887645125389099e-02
1.102117225527763367e-01
5.113251134753227234e-02
6.139439716935157776e-02
1.052677854895591736e-01
7.564067840576171875e-02
3.946879506111145020e-02
9.784837067127227783e-02
3.385572135448455811e-02
5.085257813334465027e-02
6.324558705091476440e-02
3.613314777612686157e-02
1.027175560593605042e-01
6.506002694368362427e-02
9.616629779338836670e-02
1.118032932281494141e-01
6.793732941150665283e-02
5.121961236000061035e-02
4.576612636446952820e-02
8.084143698215484619e-02
3.935720771551132202e-02
9.397624433040618896e-02
1.103957518935203552e-01
2.320233918726444244e-02
5.221458151936531067e-02
7.808765769004821777e-02
8.005363494157791138e-02
9.007000923156738281e-02
4.470687732100486755e-02
1.327712982892990112e-01
9.466623514890670776e-02
5.445464700460433960e-02
7.604593038558959961e-02
9.037499874830245972e-02
9.008735418319702148e-02
7.982018589973449707e-02
7.914061844348907471e-02
5.741491168737411499e-02
8.261618018150329590e-02
1.082926988601684570e-01
5.952036008238792419e-02
9.903054684400558472e-02
1.384695023298263550e-01
1.464951634407043457e-01
9.057283401489257812e-02
5.164829641580581665e-02
3.594703972339630127e-02
8.527724444866180420e-02
1.397015899419784546e-01
1.096721217036247253e-01
6.110200285911560059e-02
1.066574379801750183e-01
7.724675536155700684e-02
9.109964221715927124e-02
9.975054115056991577e-02
8.028963953256607056e-02
1.303810775279998779e-01
1.519579142332077026e-01
5.975569784641265869e-02
8.668705075979232788e-02
3.349834680557250977e-02
1.071706786751747131e-01
1.213838532567024231e-01
9.444536268711090088e-02
1.162741333246231079e-01
8.596216887235641479e-02
1.405817568302154541e-01
6.877079606056213379e-02
9.426388889551162720e-02
6.562282145023345947e-02
7.174403220415115356e-02
7.418522238731384277e-02
7.056693732738494873e-02
9.596368670463562012e-02
1.022866666316986084e-01
7.861427962779998779e-02
4.617562890052795410e-02
6.422369927167892456e-02
7.131605595350265503e-02
8.501713722944259644e-02
7.021778076887130737e-02
9.886298328638076782e-02
9.173733741044998169e-02
7.182148098945617676e-02
9.761509299278259277e-02
8.773615211248397827e-02
4.765379056334495544e-02
6.068990379571914673e-02
4.564397037029266357e-02
1.063857004046440125e-01
7.485532015562057495e-02
1.079555526375770569e-01
5.594229698181152344e-02
1.700710654258728027e-01
6.447004526853561401e-02
6.811322271823883057e-02
2.954379096627235413e-02
8.117847144603729248e-02
5.117117241024971008e-02
7.610606402158737183e-02
5.973437428474426270e-02
1.276141405105590820e-01
1.409950256347656250e-01
2.933933585882186890e-02
7.171743363142013550e-02
8.110319077968597412e-02
8.271954208612442017e-02
1.129903197288513184e-01
1.675107032060623169e-01
7.003955543041229248e-02
1.337067186832427979e-01
9.735134243965148926e-02
6.986396759748458862e-02
1.060026586055755615e-01
1.126474365592002869e-01
9.961056709289550781e-02
5.659714341163635254e-02
7.280447334051132202e-02
9.322617202997207642e-02
7.918611913919448853e-02
5.945254117250442505e-02
1.039372682571411133e-01
1.208856999874114990e-01
7.226334512233734131e-02
4.865881055593490601e-02
8.162890374660491943e-02
7.549028098583221436e-02
1.266713887453079224e-01
8.175457268953323364e-02
1.187630742788314819e-01
7.519602775573730469e-02
8.504563570022583008e-02
6.203181296586990356e-02
8.796748518943786621e-02
5.124127864837646484e-02
8.753506839275360107e-02
6.663583219051361084e-02
8.452481031417846680e-02
1.082078889012336731e-01
8.381376415491104126e-02
1.198071092367172241e-01
1.217894479632377625e-01
6.820379942655563354e-02
8.910145610570907593e-02
1.078178957104682922e-01
1.028269007802009583e-01
7.077620923519134521e-02
7.741470634937286377e-02
7.514552772045135498e-02
1.038928553462028503e-01
7.771228253841400146e-02
5.624952539801597595e-02
1.130329519510269165e-01
6.416962295770645142e-02
1.220634132623672485e-01
1.379942744970321655e-01
1.224528551101684570e-01
8.454007655382156372e-02
6.167203560471534729e-02
9.813239425420761108e-02
5.054143071174621582e-02
5.453453585505485535e-02
6.099886819720268250e-02
2.486949041485786438e-02
7.357991486787796021e-02
8.724614232778549194e-02
1.318610906600952148e-01
6.715729832649230957e-02
4.828670993447303772e-02
7.700827717781066895e-02
7.022055238485336304e-02
4.571758583188056946e-02
5.408656224608421326e-02
5.708393827080726624e-02
7.719925045967102051e-02
1.149339452385902405e-01
4.552890732884407043e-02
6.990044564008712769e-02
1.019442155957221985e-01
1.009862944483757019e-01
1.040119230747222900e-01
6.085773557424545288e-02
8.768762648105621338e-02
1.069540306925773621e-01
8.055611699819564819e-02
1.692862659692764282e-01
4.507515206933021545e-02
7.719137519598007202e-02
4.065097495913505554e-02
1.441658139228820801e-01
7.846695184707641602e-02
6.851038336753845215e-02
4.146029427647590637e-02
8.944836258888244629e-02
9.183291345834732056e-02
7.057344913482666016e-02
1.710673421621322632e-01
7.627619802951812744e-02
7.733502238988876343e-02
8.626820892095565796e-02
7.877032458782196045e-02
6.100168451666831970e-02
7.872823625802993774e-02
5.559595301747322083e-02
4.327857121825218201e-02
6.886549293994903564e-02
6.087187305092811584e-02
5.495898798108100891e-02
1.202363297343254089e-01
5.612169578671455383e-02
7.832285016775131226e-02
7.970752567052841187e-02
6.242768466472625732e-02
1.278827935457229614e-01
6.228883191943168640e-02
1.166692003607749939e-01
1.202802956104278564e-01
5.348584800958633423e-02
9.242207556962966919e-02
7.740779221057891846e-02
1.208042129874229431e-01
5.879209190607070923e-02
1.270357221364974976e-01
6.718716770410537720e-02
6.989135593175888062e-02
7.380732893943786621e-02
5.087485909461975098e-02
5.620329454541206360e-02
6.441367417573928833e-02
1.287823170423507690e-01
6.140533834695816040e-02
1.094383895397186279e-01
8.346613496541976929e-02
4.307320341467857361e-02
1.216266602277755737e-01
1.374986767768859863e-01
5.381885170936584473e-02
1.979565806686878204e-02
9.699976444244384766e-02
1.012109443545341492e-01
9.432908892631530762e-02
7.944583147764205933e-02
8.149142563343048096e-02
5.984756723046302795e-02
1.020538434386253357e-01
5.786363035440444946e-02
7.404559850692749023e-02
8.398680388927459717e-02
6.286891549825668335e-02
9.080564975738525391e-02
1.272488534450531006e-01
9.534484148025512695e-02
8.072570711374282837e-02
6.889515370130538940e-02
9.893018007278442383e-02
1.113479286432266235e-01
5.280575901269912720e-02
1.238557100296020508e-01
9.378214180469512939e-02
1.164194941520690918e-01
6.562792509794235229e-02
1.277866959571838379e-01
6.499081104993820190e-02
3.326006233692169189e-02
8.363616466522216797e-02
8.088585734367370605e-02
8.300397545099258423e-02
5.567722767591476440e-02
5.645260959863662720e-02
7.663644850254058838e-02
5.499915778636932373e-02
8.463396877050399780e-02
1.305994391441345215e-01
7.908684760332107544e-02
9.163235127925872803e-02
7.555627822875976562e-02
8.730790019035339355e-02
5.536714568734169006e-02
4.142203181982040405e-02
9.461917728185653687e-02
4.045734927058219910e-02
9.369459003210067749e-02
1.286722421646118164e-01
8.735078573226928711e-02
1.184331104159355164e-01
7.803867012262344360e-02
1.236524507403373718e-01
1.179076805710792542e-01
6.373093277215957642e-02
7.782777398824691772e-02
1.140308603644371033e-01
7.490270584821701050e-02
4.827113449573516846e-02
4.272802174091339111e-02
4.187196493148803711e-02
3.467974066734313965e-02
7.132782787084579468e-02
8.281799405813217163e-02
2.836993895471096039e-02
5.008264258503913879e-02
7.408739626407623291e-02
8.934288471937179565e-02
5.810648947954177856e-02
3.997821360826492310e-02
1.135121285915374756e-01
1.231828629970550537e-01
9.493814408779144287e-02
5.703731253743171692e-02
9.019766747951507568e-02
6.709145009517669678e-02
2.570368722081184387e-02
8.778750151395797729e-02
6.560620665550231934e-02
1.531395465135574341e-01
9.956066310405731201e-02
9.610438346862792969e-02
7.365664094686508179e-02
7.831073552370071411e-02
1.672773212194442749e-01
5.250327661633491516e-02
1.088406071066856384e-01
3.142742812633514404e-02
6.424627453088760376e-02
1.253244280815124512e-01
8.108392357826232910e-02
4.919828101992607117e-02
1.471524089574813843e-01
8.692675828933715820e-02
1.219385862350463867e-01
1.127173230051994324e-01
4.214752838015556335e-02
8.329033851623535156e-02
8.006048947572708130e-02
1.424550414085388184e-01
9.486865252256393433e-02
1.125062257051467896e-01
8.851113915443420410e-02
1.326726973056793213e-01
3.925601020455360413e-02
7.150712609291076660e-02
5.375256389379501343e-02
7.331001013517379761e-02
1.122056320309638977e-01
6.726972758769989014e-02
6.996137648820877075e-02
1.178286373615264893e-01
9.860563278198242188e-02
5.712752044200897217e-02
1.302499175071716309e-01
6.276696175336837769e-02
6.741071492433547974e-02
3.827480226755142212e-02
1.104181706905364990e-01
1.112146228551864624e-01
9.037887305021286011e-02
6.773770600557327271e-02
5.164854228496551514e-02
8.765788376331329346e-02
7.362592965364456177e-02
1.257385015487670898e-01
3.777715563774108887e-02
7.621015608310699463e-02
4.133263602852821350e-02
1.184105053544044495e-01
8.371838182210922241e-02
6.244659423828125000e-02
1.363471597433090210e-01
7.004893571138381958e-02
1.347265541553497314e-01
6.502886116504669189e-02
5.719802528619766235e-02
9.686906635761260986e-02
2.808449044823646545e-02
7.516735047101974487e-02
9.192605316638946533e-02
8.407485485076904297e-02
1.022880375385284424e-01
3.006372600793838501e-02
7.100895792245864868e-02
7.438743859529495239e-02
1.186942234635353088e-01
9.888777136802673340e-02
9.755598008632659912e-02
6.927809119224548340e-02
1.024730131030082703e-01
9.148196130990982056e-02
4.843848198652267456e-02
1.525018066167831421e-01
6.102145463228225708e-02
6.205768510699272156e-02
3.959113731980323792e-02
7.809147983789443970e-02
1.060180440545082092e-01
5.860965326428413391e-02
1.353529542684555054e-01
9.000397473573684692e-02
7.282129675149917603e-02
7.523726671934127808e-02
6.143742427229881287e-02
4.335064068436622620e-02
4.303540289402008057e-02
8.490622043609619141e-02
5.935281515121459961e-02
5.900860577821731567e-02
7.303714007139205933e-02
3.556703403592109680e-02
1.108276993036270142e-01
7.661112397909164429e-02
7.081773132085800171e-02
1.173233687877655029e-01
8.017233014106750488e-02
1.224829927086830139e-01
6.456661969423294067e-02
8.768252283334732056e-02
8.203567564487457275e-02
8.412066847085952759e-02
4.586005210876464844e-02
1.060064435005187988e-01
7.386660575866699219e-02
1.055097803473472595e-01
7.731999456882476807e-02
9.608551859855651855e-02
1.388402730226516724e-01
8.438679575920104980e-02
1.012401506304740906e-01
1.134662926197052002e-01
8.554296195507049561e-02
7.519278675317764282e-02
8.247622847557067871e-02
7.736328989267349243e-02
8.736044913530349731e-02
1.400941759347915649e-01
1.071303710341453552e-01
4.812559857964515686e-02
9.805628657341003418e-02
1.020680367946624756e-01
3.372155874967575073e-02
8.192435652017593384e-02
6.516096740961074829e-02
9.442540258169174194e-02
6.332533061504364014e-02
9.184559434652328491e-02
1.313809156417846680e-01
7.101032882928848267e-02
5.550780519843101501e-02
3.907060623168945312e-02
1.166716739535331726e-01
6.256607174873352051e-02
1.003331542015075684e-01
4.548805579543113708e-02
8.875500410795211792e-02
1.058697551488876343e-01
1.010341942310333252e-01
7.790609449148178101e-02
9.363201260566711426e-02
4.423228278756141663e-02
6.426260620355606079e-02
9.981267154216766357e-02
1.058526188135147095e-01
2.669931016862392426e-02
4.452737420797348022e-02
